sentiments for Bitcoin using Twitter API
-17.938970295251337
20.273321220083833
1.4240775158087249
-1.0297619279075088
8.276046955638883
1.4240775158087249
21.908952000051563
-4.658418190617698
5.398820736895976
0
0
22.964786600982393
-3.9860464435829064
4.899374777659428
1.4240775158087249
16.16805132235507
-17.650365412332597
-4.658418190617698
8.276046955638883
4.647390692928691
1.225016330493192
18.225579036980545
2.839536890246831
9.579379251199573
12.039634084381955
11.718942380504721
1.225016330493192
24.700545254121838
9.521012216980022
8.73686091661265
5.398820736895976
28.906482631788784
3.364112852739993
2.308278251809168
5.398820736895976
-4.943732228070742
-20.6304356761499
8.276046955638883
-25.542369779048784
1.4240775158087249
20.273321220083833
-11.510387630447855
-4.658418190617698
------------
